 <pre>

 Contingency table for Visibility (m)
 Selection: ALL    712 stations
Period: 20240207-20240225
Used {00,03,...,21} + 00 03 ... 48
 Limits    1000.00000       5000.00000       10000.0000       20000.0000    
 Each class is data <= limit, the very last > last limit
 Total number of values      542083
                                     OBSERVATION
                                  11982    12422     4375     2539     1751 |     33069
                                   6159    40562    23923    18560    11924 |    101128
                    sam5mbr000     2389    19907    27791    37000    37250 |    124337
                                   1016     7934    19228    36227    73436 |    137841
                                   1497     8667    16543    40144    78857 |    145708

                    SUM           23043    89492    91860   134470   203218 |    542083
                                     OBSERVATION
                                  11997    12364     4341     2603     1737 |     33042
                                   6202    40696    23922    18635    11881 |    101336
                    sam6mbr000     2335    19848    27785    36985    37171 |    124124
                                   1002     7974    19235    36174    73478 |    137863
                                   1507     8610    16577    40073    78951 |    145718

                    SUM           23043    89492    91860   134470   203218 |    542083

