 <pre>

 Contingency table for Cloud cover (octas)
 Selection: ALL    401 stations
Period: 20240207-20240225
Used {00,03,...,21} + 03 06 ... 48
 Limits   0.500000000       1.50000000       2.50000000       3.50000000       4.50000000       5.50000000       6.50000000       7.50000000    
 Each class is data <= limit, the very last > last limit
 Total number of values      224234
                                                       OBSERVATION
                                   7258     1238     1510      644      378      449      528      497     1547 |     14049
                                   1675      355      630      304      235      312      335      429     1243 |      5518
                                    859      196      406      268      146      246      380      346     1088 |      3935
                                    679      175      326      219      149      210      317      349     1052 |      3476
                    sam5mbr000      586      141      319      201      123      224      343      426     1261 |      3624
                                    533      166      279      206      179      234      391      491     1585 |      4064
                                    592      178      338      266      168      289      501      686     2235 |      5253
                                    864      286      504      415      277      509      902     1380     4786 |      9923
                                   2711      898     1443     1592     1332     2358     5619    21946   136493 |    174392

                    SUM           15757     3633     5755     4115     2987     4831     9316    26550   151290 |    224234
                                                       OBSERVATION
                                   7291     1215     1532      650      385      458      531      492     1525 |     14079
                                   1654      364      605      334      219      304      350      423     1268 |      5521
                                    879      211      428      239      162      227      350      363     1086 |      3945
                                    670      157      313      233      142      208      318      362     1100 |      3503
                    sam6mbr000      570      150      305      206      131      218      344      399     1225 |      3548
                                    534      153      297      217      151      234      406      518     1550 |      4060
                                    611      180      338      250      204      315      538      672     2224 |      5332
                                    876      287      501      399      276      484      899     1361     4845 |      9928
                                   2672      916     1436     1587     1317     2383     5580    21960   136467 |    174318

                    SUM           15757     3633     5755     4115     2987     4831     9316    26550   151290 |    224234

